00110100000000100000000000000000
00111000000010100000000000000000
00100000000101000000000000001010
00000000000000000010100000100000
00100000000000010000000000000001
00100000000101101111111111111111
00000000001000000010100000100000
10001100101011110000000000000000
00000001111000000101000000100101
00100000001000101111111111111111
00000000010000000011000000100000
10001100110100000000000000000000
00000000010101101100100000101001
00000010000010101101000000101001
00000011010110011101100000100100
00010011011000000000000000000100
00100000010001110000000000000001
10101100111100000000000000000000
00100000010000101111111111111111
00001000000000000000000000001010
00100000010001110000000000000001
10101100111010100000000000000000
00100000001000010000000000000001
00000000001101001110000000101010
00010111100000001111111111101101
00000000000000000000000000000000
